*---><---><--------><------------------------------------------------>
    0      0          thin target in vacuum
*---><---><--------><--------><--------><--------><--------><-------->
  RPP   1    -0.0005    0.0005   -0.0005     .0005       0.0     0.001
  RPP   2     -150.0     150.0    -150.0     150.0    -150.0     150.0
  RPP   3     -200.0     200.0    -200.0     200.0    -200.0     200.0
  END
*.<-><--->..<--->OR<--->OR<--->OR<--->OR<--->OR<--->OR<--->OR<--->OR<--->
  001        1      +1
  002        2      +2     -1
  003        3      +3     -2
  END
    1    2 3
    1 1000 0
